24828
12133
39987
5448
4843
12244
17314
18336
21818
43901
546
34223
16582
22403
4500
2149
10371
38562
22839
10375
38529
55247
64095
52506
37006
58722
33799
61137
18220
65234
28003
45207
29561
25658
63953
54481
60617
16904
60588
1646
61928
20902
59746
25288
26132
45320
9889
28658
52070
21372
20910
39048
7501
29250
27863
60578
13029
48902
55230
13722
62376
1604
65066
61931
11950
59279
51382
1531
9778
20065
30094
28752
3117
11082
1527
6576
33367
23505
45624
36461
17750
49881
37040
37812
10566
56465
47379
52321
29346
60366
2398
2825
62194
37784
25256
13472
35288
58090
48915
20190
14947
43582
9183
14631
46878
18187
55677
48413
32407
53457
58180
56989
37646
59882
49161
16600
52263
5319
38850
57568
21959
51246
8090
31837
21874
2815
24818
36604
60465
56965
55214
39147
63486
27901
58481
13978
33270
54690
42733
46170
44882
36904
65249
6481
10213
2921
42619
60191
7808
11868
17030
4222
48052
21421
33414
35725
27409
53085
20643
13952
7015
59193
58857
5431
40228
49937
54782
9850
64458
23565
48616
17865
39379
1142
54850
42497
28353
11791
53832
39636
38473
36289
64797
54869
17251
21394
44382
24137
37652
40482
57156
23812
61210
38264
63178
35253
2191
12817
28882
20003
40005
59079
13053
35432
28301
30509
31137
1138
20503
50177
20672
14115
45701
21752
31626
32284
54944
46742
36185
5626
241
15383
20919
18143
18770
30009
65290
26490
32685
19918
52084
29405
37222
48629
34039
19020
47220
38371
43043
44885
15587
62277
62147
45276
31700
33060
42305
63750
23110
47510
3433
53445
63024
62259
49824
6663
54268
20205
22040
10754
35257
24160
31823
43841
62001
6810
44837
16938
49496
2212
31942
63467
16032
65332
40533
46646
23056
14616
13648
52137
886
19784
20236
21390
61761
24941
56784
58929
867
53617
32298
32623
24530
30523
39006
35225
54898
23754
10405
20952
11070
39236
55369
23207
35911
21227
11552
28559
48872
52462
46985
38107
53715
15593
4114
56570
20820
6282
39089
26102
56745
7422
47427
47563
29214
32577
20181
8000
54131
17112
20653
5065
16059
27570
2071
52432
9283
44220
22530
50480
9593
59030
25262
44438
44732
38386
48489
41329
61241
36598
26537
63731
1858
44829
60222
2382
33240
43477
41420
22792
23988
41357
51157
23959
28238
51016
10801
33569
60271
60067
12181
44556
59113
27494
20374
25052
45445
53446
45798
28700
11061
57742
28813
22252
37998
12183
18647
65433
53364
57576
48104
13466
36778
7511
13923
10625
36536
61726
52759
45423
53518
63413
41403
1925
25597
36530
36189
17046
2222
14955
10258
239
61404
59002
14852
31724
8114
40555
21433
56317
58292
40978
25348
20184
54646
25725
65426
26859
17498
38747
21172
49991
30663
23188
35879
30253
954
38232
37514
4214
2087
7989
18925
27555
10736
4343
22518
19820
42325
25275
41856
8383
24258
49310
2013
19263
64926
27214
25053
16357
9610
19851
33093
36242
58269
58591
56293
53128
34553
51799
35642
49117
56444
13948
448
18364
13622
42544
38130
30830
41941
47808
64461
61778
28748
46753
62139
37961
11976
9046
33866
10666
4594
39404
58695
63800
44267
936
14826
36045
12546
9308
1099
5559
25373
53066
59618
62860
48719
49932
6298
2213
359
3263
12104
47522
21919
48902
3356
62672
17014
17037
61622
34337
16101
5057
24923
42685
14427
12512
50326
50858
17705
7256
29573
23906
42892
15892
59780
36913
39321
45825
2829
14484
13930
39156
20397
40526
29370
32423
51292
35436
1214
30606
64280
4193
30910
4776
33080
2795
29666
1486
22083
14852
22886
13583
7363
46990
34207
2917
3194
2204
3843
6117
13648
64177
15593
3213
43735
13811
32627
37466
41314
37086
55556
44482
38355
48691
6455
28389
2189
33901
39101
28288
55503
54715
65006
45998
54303
33311
61623
25491
62470
59790
6886
25283
7866
48006
50445
30099
5321
2915
18823
36868
49478
34406
17332
52376
4859
34963
12994
53949
16114
60020
29283
32315
9764
20841
14799
2393
7453
22800
24571
18289
33696
17566
9189
7595
10075
56531
11934
6116
65207
26866
35770
63660
15102
10543
55548
30901
21152
40242
28902
7358
30924
5210
43655
25837
62915
19752
23688
28094
9937
12369
57231
65027
13508
18489
42434
34433
8042
27059
51063
41758
56082
60592
23022
39822
26120
52651
4231
22052
56857
30969
11672
21274
23867
55872
39439
1444
22351
31312
42149
10920
9482
1711
18131
18217
39095
65188
20794
64214
56235
33721
52998
18839
20112
26031
41534
59945
54802
36346
32312
19340
28749
27531
15251
42994
26883
3765
7948
44538
14869
19773
15192
6289
34433
45491
5017
53082
34645
46590
8414
46258
18138
2326
48831
14409
44600
31298
17178
48469
28583
53830
61406
18014
27392
964
58805
3758
11893
61782
63414
28295
33174
47117
1299
52276
34813
17028
27233
25681
31448
37187
58094
22638
28697
62394
22430
61388
19049
38724
13917
2899
6613
45609
61431
10
47382
58688
41814
57929
53849
39532
8809
37979
10005
28260
50977
62748
42111
33735
48016
27325
39078
49743
47155
54144
5714
61812
62617
65086
1769
43093
20841
3808
36059
44816
11618
17455
40422
34522
422
7335
17883
57238
49815
50020
59418
12848
8772
27964
25196
4231
36272
5369
59157
60635
2009
3150
12458
46360
41504
39486
49129
6430
6723
24390
48592
18328
18462
14285
61819
23084
16899
40680
48496
12645
2762
12779
515
43366
57928
31098
64952
33808
60579
55993
12348
12932
26693
58114
62436
32925
31381
40666
64531
40851
12713
31086
26446
58359
33538
8569
18918
56342
11604
2741
58565
61951
43930
34046
31370
15561
8869
47944
28432
17109
64995
45504
4534
26574
64760
861
54479
26688
51140
26750
27541
20278
53808
14837
12062
39765
55927
12942
37252
3644
40037
44184
20389
50369
18343
52712
30031
32681
51218
21295
20481
23633
14775
34700
47474
61982
51552
1924
1966
52905
26978
4845
46117
30037
58459
51257
59615
21049
51
53598
35398
55691
13630
63304
42982
22244
27799
10399
5734
41127
53029
46183
7206
1514
51570
31758
53114
52935
30902
27607
64676
39432
128
38958
2578
48721
10165
29293
30128
45537
48113
58470
48640
55735
56705
4096
6225
8475
37129
31542
29145
25459
61414
43367
20304
11986
35496
23899
3261
17153
6872
54206
22810
41532
24587
20607
5706
9183
61678
64175
49373
30889
